0 -0.500045 -0.500045 
0.01 -0.485373 -0.485373 
0.02 -0.47117 -0.47117 
0.03 -0.457422 -0.457422 
0.04 -0.444119 -0.444119 
0.05 -0.431246 -0.431246 
0.06 -0.418788 -0.418788 
0.07 -0.40673 -0.40673 
0.08 -0.395059 -0.395059 
0.09 -0.383761 -0.383761 
0.1 -0.372823 -0.372823 
0.11 -0.362234 -0.362234 
0.12 -0.35198 -0.35198 
0.13 -0.342051 -0.342051 
0.14 -0.332435 -0.332435 
0.15 -0.323122 -0.323122 
0.16 -0.3141 -0.3141 
0.17 -0.305361 -0.305361 
0.18 -0.296894 -0.296894 
0.19 -0.288691 -0.288691 
0.2 -0.280742 -0.280742 
0.21 -0.273039 -0.273039 
0.22 -0.265574 -0.265574 
0.23 -0.258338 -0.258338 
0.24 -0.251323 -0.251323 
0.25 -0.244523 -0.244523 
0.26 -0.237931 -0.237931 
0.27 -0.231539 -0.231539 
0.28 -0.22534 -0.22534 
0.29 -0.219329 -0.219329 
0.3 -0.213498 -0.213498 
0.31 -0.207843 -0.207843 
0.32 -0.202357 -0.202357 
0.33 -0.197035 -0.197035 
0.34 -0.191871 -0.191871 
0.35 -0.186861 -0.186861 
0.36 -0.181999 -0.181999 
0.37 -0.17728 -0.17728 
0.38 -0.1727 -0.1727 
0.39 -0.168254 -0.168254 
0.4 -0.163938 -0.163938 
0.41 -0.159748 -0.159748 
0.42 -0.15568 -0.15568 
0.43 -0.15173 -0.15173 
0.44 -0.147894 -0.147894 
0.45 -0.144168 -0.144168 
0.46 -0.140549 -0.140549 
0.47 -0.137033 -0.137033 
0.48 -0.133618 -0.133618 
0.49 -0.1303 -0.1303 
0.5 -0.127076 -0.127076 
0.51 -0.123944 -0.123944 
0.52 -0.120899 -0.120899 
0.53 -0.11794 -0.11794 
0.54 -0.115064 -0.115064 
0.55 -0.112268 -0.112268 
0.56 -0.10955 -0.10955 
0.57 -0.106907 -0.106907 
0.58 -0.104338 -0.104338 
0.59 -0.101839 -0.101839 
0.6 -0.099409 -0.099409 
0.61 -0.0970454 -0.0970454 
0.62 -0.0947464 -0.0947464 
0.63 -0.0925099 -0.0925099 
0.64 -0.0903341 -0.0903341 
0.65 -0.0882172 -0.0882172 
0.66 -0.0861573 -0.0861573 
0.67 -0.0841527 -0.0841527 
0.68 -0.0822019 -0.0822019 
0.69 -0.0803031 -0.0803031 
0.7 -0.0784548 -0.0784548 
0.71 -0.0766556 -0.0766556 
0.72 -0.0749039 -0.0749039 
0.73 -0.0731985 -0.0731985 
0.74 -0.0715378 -0.0715378 
0.75 -0.0699205 -0.0699205 
0.76 -0.0683455 -0.0683455 
0.77 -0.0668115 -0.0668115 
0.78 -0.0653172 -0.0653172 
0.79 -0.0638616 -0.0638616 
0.8 -0.0624434 -0.0624434 
0.81 -0.0610617 -0.0610617 
0.82 -0.0597153 -0.0597153 
0.83 -0.0584033 -0.0584033 
0.84 -0.0571246 -0.0571246 
0.85 -0.0558783 -0.0558783 
0.86 -0.0546635 -0.0546635 
0.87 -0.0534793 -0.0534793 
0.88 -0.0523247 -0.0523247 
0.89 -0.0511991 -0.0511991 
0.9 -0.0501015 -0.0501015 
0.91 -0.0490312 -0.0490312 
0.92 -0.0479874 -0.0479874 
0.93 -0.0469694 -0.0469694 
0.94 -0.0459764 -0.0459764 
0.95 -0.0450077 -0.0450077 
0.96 -0.0440627 -0.0440627 
0.97 -0.0431408 -0.0431408 
0.98 -0.0422412 -0.0422412 
0.99 -0.0413634 -0.0413634 
1 -0.0405067 -0.0405067 
1.01 -0.0396707 -0.0396707 
1.02 -0.0388546 -0.0388546 
1.03 -0.0380581 -0.0380581 
1.04 -0.0372805 -0.0372805 
1.05 -0.0365214 -0.0365214 
1.06 -0.0357802 -0.0357802 
1.07 -0.0350565 -0.0350565 
1.08 -0.0343498 -0.0343498 
1.09 -0.0336597 -0.0336597 
1.1 -0.0329857 -0.0329857 
1.11 -0.0323273 -0.0323273 
1.12 -0.0316842 -0.0316842 
1.13 -0.031056 -0.031056 
1.14 -0.0304422 -0.0304422 
1.15 -0.0298425 -0.0298425 
1.16 -0.0292566 -0.0292566 
1.17 -0.028684 -0.028684 
1.18 -0.0281245 -0.0281245 
1.19 -0.0275776 -0.0275776 
1.2 -0.0270431 -0.0270431 
1.21 -0.0265207 -0.0265207 
1.22 -0.0260099 -0.0260099 
1.23 -0.0255106 -0.0255106 
1.24 -0.0250225 -0.0250225 
1.25 -0.0245451 -0.0245451 
1.26 -0.0240784 -0.0240784 
1.27 -0.023622 -0.023622 
1.28 -0.0231756 -0.0231756 
1.29 -0.0227391 -0.0227391 
1.3 -0.0223121 -0.0223121 
1.31 -0.0218944 -0.0218944 
1.32 -0.0214858 -0.0214858 
1.33 -0.021086 -0.021086 
1.34 -0.0206949 -0.0206949 
1.35 -0.0203123 -0.0203123 
1.36 -0.0199378 -0.0199378 
1.37 -0.0195714 -0.0195714 
1.38 -0.0192128 -0.0192128 
1.39 -0.0188618 -0.0188618 
1.4 -0.0185183 -0.0185183 
1.41 -0.018182 -0.018182 
1.42 -0.0178528 -0.0178528 
1.43 -0.0175306 -0.0175306 
1.44 -0.0172151 -0.0172151 
1.45 -0.0169062 -0.0169062 
1.46 -0.0166037 -0.0166037 
1.47 -0.0163076 -0.0163076 
1.48 -0.0160175 -0.0160175 
1.49 -0.0157335 -0.0157335 
1.5 -0.0154553 -0.0154553 
1.51 -0.0151828 -0.0151828 
1.52 -0.0149159 -0.0149159 
1.53 -0.0146544 -0.0146544 
1.54 -0.0143982 -0.0143982 
1.55 -0.0141473 -0.0141473 
1.56 -0.0139014 -0.0139014 
1.57 -0.0136605 -0.0136605 
1.58 -0.0134244 -0.0134244 
1.59 -0.0131931 -0.0131931 
1.6 -0.0129664 -0.0129664 
1.61 -0.0127442 -0.0127442 
1.62 -0.0125264 -0.0125264 
1.63 -0.012313 -0.012313 
1.64 -0.0121038 -0.0121038 
1.65 -0.0118987 -0.0118987 
1.66 -0.0116976 -0.0116976 
1.67 -0.0115004 -0.0115004 
1.68 -0.0113072 -0.0113072 
1.69 -0.0111177 -0.0111177 
1.7 -0.0109318 -0.0109318 
1.71 -0.0107496 -0.0107496 
1.72 -0.0105709 -0.0105709 
1.73 -0.0103956 -0.0103956 
1.74 -0.0102238 -0.0102238 
1.75 -0.0100552 -0.0100552 
1.76 -0.00988979 -0.00988979 
1.77 -0.00972757 -0.00972757 
1.78 -0.00956844 -0.00956844 
1.79 -0.00941233 -0.00941233 
1.8 -0.00925917 -0.00925917 
1.81 -0.0091089 -0.0091089 
1.82 -0.00896145 -0.00896145 
1.83 -0.00881677 -0.00881677 
1.84 -0.0086748 -0.0086748 
1.85 -0.00853548 -0.00853548 
1.86 -0.00839875 -0.00839875 
1.87 -0.00826456 -0.00826456 
1.88 -0.00813286 -0.00813286 
1.89 -0.00800359 -0.00800359 
1.9 -0.00787669 -0.00787669 
1.91 -0.00775213 -0.00775213 
1.92 -0.00762985 -0.00762985 
1.93 -0.00750981 -0.00750981 
1.94 -0.00739195 -0.00739195 
1.95 -0.00727624 -0.00727624 
1.96 -0.00716263 -0.00716263 
1.97 -0.00705107 -0.00705107 
1.98 -0.00694152 -0.00694152 
1.99 -0.00683395 -0.00683395 
2 -0.0067283 -0.0067283 
2.01 -0.00662455 -0.00662455 
2.02 -0.00652265 -0.00652265 
2.03 -0.00642257 -0.00642257 
2.04 -0.00632426 -0.00632426 
2.05 -0.0062277 -0.0062277 
2.06 -0.00613284 -0.00613284 
2.07 -0.00603966 -0.00603966 
2.08 -0.00594811 -0.00594811 
2.09 -0.00585817 -0.00585817 
2.1 -0.00576981 -0.00576981 
2.11 -0.00568299 -0.00568299 
2.12 -0.00559768 -0.00559768 
2.13 -0.00551386 -0.00551386 
2.14 -0.00543149 -0.00543149 
2.15 -0.00535054 -0.00535054 
2.16 -0.00527099 -0.00527099 
2.17 -0.0051928 -0.0051928 
2.18 -0.00511596 -0.00511596 
2.19 -0.00504044 -0.00504044 
2.2 -0.0049662 -0.0049662 
2.21 -0.00489323 -0.00489323 
2.22 -0.0048215 -0.0048215 
2.23 -0.00475099 -0.00475099 
2.24 -0.00468167 -0.00468167 
2.25 -0.00461351 -0.00461351 
2.26 -0.00454651 -0.00454651 
2.27 -0.00448063 -0.00448063 
2.28 -0.00441586 -0.00441586 
2.29 -0.00435217 -0.00435217 
2.3 -0.00428954 -0.00428954 
2.31 -0.00422795 -0.00422795 
2.32 -0.00416739 -0.00416739 
2.33 -0.00410782 -0.00410782 
2.34 -0.00404924 -0.00404924 
2.35 -0.00399163 -0.00399163 
2.36 -0.00393497 -0.00393497 
2.37 -0.00387923 -0.00387923 
2.38 -0.00382441 -0.00382441 
2.39 -0.00377048 -0.00377048 
2.4 -0.00371743 -0.00371743 
2.41 -0.00366524 -0.00366524 
2.42 -0.0036139 -0.0036139 
2.43 -0.00356338 -0.00356338 
2.44 -0.00351369 -0.00351369 
2.45 -0.00346479 -0.00346479 
2.46 -0.00341668 -0.00341668 
2.47 -0.00336934 -0.00336934 
2.48 -0.00332275 -0.00332275 
2.49 -0.00327691 -0.00327691 
2.5 -0.0032318 -0.0032318 
2.51 -0.00318741 -0.00318741 
2.52 -0.00314372 -0.00314372 
2.53 -0.00310072 -0.00310072 
2.54 -0.00305839 -0.00305839 
2.55 -0.00301674 -0.00301674 
2.56 -0.00297573 -0.00297573 
2.57 -0.00293537 -0.00293537 
2.58 -0.00289564 -0.00289564 
2.59 -0.00285653 -0.00285653 
2.6 -0.00281803 -0.00281803 
2.61 -0.00278013 -0.00278013 
2.62 -0.00274281 -0.00274281 
2.63 -0.00270607 -0.00270607 
2.64 -0.00266989 -0.00266989 
2.65 -0.00263427 -0.00263427 
2.66 -0.0025992 -0.0025992 
2.67 -0.00256466 -0.00256466 
2.68 -0.00253066 -0.00253066 
2.69 -0.00249717 -0.00249717 
2.7 -0.00246419 -0.00246419 
2.71 -0.00243171 -0.00243171 
2.72 -0.00239972 -0.00239972 
2.73 -0.00236822 -0.00236822 
2.74 -0.00233719 -0.00233719 
2.75 -0.00230662 -0.00230662 
2.76 -0.00227652 -0.00227652 
2.77 -0.00224686 -0.00224686 
2.78 -0.00221765 -0.00221765 
2.79 -0.00218888 -0.00218888 
2.8 -0.00216053 -0.00216053 
2.81 -0.0021326 -0.0021326 
2.82 -0.00210509 -0.00210509 
2.83 -0.00207798 -0.00207798 
2.84 -0.00205127 -0.00205127 
2.85 -0.00202496 -0.00202496 
2.86 -0.00199903 -0.00199903 
2.87 -0.00197348 -0.00197348 
2.88 -0.00194831 -0.00194831 
2.89 -0.0019235 -0.0019235 
2.9 -0.00189905 -0.00189905 
2.91 -0.00187496 -0.00187496 
2.92 -0.00185121 -0.00185121 
2.93 -0.00182781 -0.00182781 
2.94 -0.00180475 -0.00180475 
2.95 -0.00178202 -0.00178202 
2.96 -0.00175961 -0.00175961 
2.97 -0.00173753 -0.00173753 
2.98 -0.00171576 -0.00171576 
2.99 -0.0016943 -0.0016943 
3 -0.00167315 -0.00167315 
3.01 -0.0016523 -0.0016523 
3.02 -0.00163174 -0.00163174 
3.03 -0.00161147 -0.00161147 
3.04 -0.00159149 -0.00159149 
3.05 -0.00157179 -0.00157179 
3.06 -0.00155237 -0.00155237 
3.07 -0.00153322 -0.00153322 
3.08 -0.00151434 -0.00151434 
3.09 -0.00149572 -0.00149572 
3.1 -0.00147736 -0.00147736 
3.11 -0.00145926 -0.00145926 
3.12 -0.00144141 -0.00144141 
3.13 -0.0014238 -0.0014238 
3.14 -0.00140644 -0.00140644 
3.15 -0.00138932 -0.00138932 
3.16 -0.00137243 -0.00137243 
3.17 -0.00135578 -0.00135578 
3.18 -0.00133935 -0.00133935 
3.19 -0.00132315 -0.00132315 
3.2 -0.00130717 -0.00130717 
3.21 -0.0012914 -0.0012914 
3.22 -0.00127586 -0.00127586 
3.23 -0.00126052 -0.00126052 
3.24 -0.00124539 -0.00124539 
3.25 -0.00123046 -0.00123046 
3.26 -0.00121573 -0.00121573 
3.27 -0.00120121 -0.00120121 
3.28 -0.00118688 -0.00118688 
3.29 -0.00117274 -0.00117274 
3.3 -0.00115878 -0.00115878 
3.31 -0.00114502 -0.00114502 
3.32 -0.00113144 -0.00113144 
3.33 -0.00111804 -0.00111804 
3.34 -0.00110481 -0.00110481 
3.35 -0.00109176 -0.00109176 
3.36 -0.00107889 -0.00107889 
3.37 -0.00106618 -0.00106618 
3.38 -0.00105364 -0.00105364 
3.39 -0.00104127 -0.00104127 
3.4 -0.00102906 -0.00102906 
3.41 -0.001017 -0.001017 
3.42 -0.00100511 -0.00100511 
3.43 -0.00099337 -0.00099337 
3.44 -0.000981782 -0.000981782 
3.45 -0.000970345 -0.000970345 
3.46 -0.000959057 -0.000959057 
3.47 -0.000947914 -0.000947914 
3.48 -0.000936915 -0.000936915 
3.49 -0.000926058 -0.000926058 
3.5 -0.000915341 -0.000915341 
3.51 -0.000904761 -0.000904761 
3.52 -0.000894317 -0.000894317 
3.53 -0.000884006 -0.000884006 
3.54 -0.000873827 -0.000873827 
3.55 -0.000863778 -0.000863778 
3.56 -0.000853856 -0.000853856 
3.57 -0.000844061 -0.000844061 
3.58 -0.000834389 -0.000834389 
3.59 -0.00082484 -0.00082484 
3.6 -0.000815412 -0.000815412 
3.61 -0.000806102 -0.000806102 
3.62 -0.000796909 -0.000796909 
3.63 -0.000787832 -0.000787832 
3.64 -0.000778869 -0.000778869 
3.65 -0.000770017 -0.000770017 
3.66 -0.000761277 -0.000761277 
3.67 -0.000752645 -0.000752645 
3.68 -0.000744121 -0.000744121 
3.69 -0.000735703 -0.000735703 
3.7 -0.000727389 -0.000727389 
3.71 -0.000719178 -0.000719178 
3.72 -0.000711069 -0.000711069 
3.73 -0.000703059 -0.000703059 
3.74 -0.000695149 -0.000695149 
3.75 -0.000687335 -0.000687335 
3.76 -0.000679618 -0.000679618 
3.77 -0.000671995 -0.000671995 
3.78 -0.000664466 -0.000664466 
3.79 -0.000657029 -0.000657029 
3.8 -0.000649682 -0.000649682 
3.81 -0.000642425 -0.000642425 
3.82 -0.000635256 -0.000635256 
3.83 -0.000628174 -0.000628174 
3.84 -0.000621178 -0.000621178 
3.85 -0.000614267 -0.000614267 
3.86 -0.000607439 -0.000607439 
3.87 -0.000600693 -0.000600693 
3.88 -0.000594029 -0.000594029 
3.89 -0.000587445 -0.000587445 
3.9 -0.00058094 -0.00058094 
3.91 -0.000574513 -0.000574513 
3.92 -0.000568162 -0.000568162 
3.93 -0.000561888 -0.000561888 
3.94 -0.000555689 -0.000555689 
3.95 -0.000549563 -0.000549563 
3.96 -0.000543511 -0.000543511 
3.97 -0.00053753 -0.00053753 
3.98 -0.00053162 -0.00053162 
3.99 -0.00052578 -0.00052578 
4 -0.00052001 -0.00052001 
4.01 -0.000514307 -0.000514307 
4.02 -0.000508672 -0.000508672 
4.03 -0.000503103 -0.000503103 
4.04 -0.000497599 -0.000497599 
4.05 -0.000492161 -0.000492161 
4.06 -0.000486785 -0.000486785 
4.07 -0.000481473 -0.000481473 
4.08 -0.000476223 -0.000476223 
4.09 -0.000471035 -0.000471035 
4.1 -0.000465906 -0.000465906 
4.11 -0.000460838 -0.000460838 
4.12 -0.000455828 -0.000455828 
4.13 -0.000450877 -0.000450877 
4.14 -0.000445983 -0.000445983 
4.15 -0.000441146 -0.000441146 
4.16 -0.000436365 -0.000436365 
4.17 -0.000431639 -0.000431639 
4.18 -0.000426967 -0.000426967 
4.19 -0.000422349 -0.000422349 
4.2 -0.000417785 -0.000417785 
4.21 -0.000413273 -0.000413273 
4.22 -0.000408812 -0.000408812 
4.23 -0.000404403 -0.000404403 
4.24 -0.000400045 -0.000400045 
4.25 -0.000395736 -0.000395736 
4.26 -0.000391476 -0.000391476 
4.27 -0.000387265 -0.000387265 
4.28 -0.000383102 -0.000383102 
4.29 -0.000378987 -0.000378987 
4.3 -0.000374918 -0.000374918 
4.31 -0.000370895 -0.000370895 
4.32 -0.000366918 -0.000366918 
4.33 -0.000362986 -0.000362986 
4.34 -0.000359099 -0.000359099 
4.35 -0.000355255 -0.000355255 
4.36 -0.000351455 -0.000351455 
4.37 -0.000347697 -0.000347697 
4.38 -0.000343983 -0.000343983 
4.39 -0.000340309 -0.000340309 
4.4 -0.000336677 -0.000336677 
4.41 -0.000333086 -0.000333086 
4.42 -0.000329535 -0.000329535 
4.43 -0.000326024 -0.000326024 
4.44 -0.000322553 -0.000322553 
4.45 -0.00031912 -0.00031912 
4.46 -0.000315725 -0.000315725 
4.47 -0.000312368 -0.000312368 
4.48 -0.000309049 -0.000309049 
4.49 -0.000305766 -0.000305766 
4.5 -0.000302521 -0.000302521 
4.51 -0.000299311 -0.000299311 
4.52 -0.000296136 -0.000296136 
4.53 -0.000292997 -0.000292997 
4.54 -0.000289893 -0.000289893 
4.55 -0.000286823 -0.000286823 
4.56 -0.000283787 -0.000283787 
4.57 -0.000280785 -0.000280785 
4.58 -0.000277815 -0.000277815 
4.59 -0.000274879 -0.000274879 
4.6 -0.000271975 -0.000271975 
4.61 -0.000269102 -0.000269102 
4.62 -0.000266262 -0.000266262 
4.63 -0.000263452 -0.000263452 
4.64 -0.000260674 -0.000260674 
4.65 -0.000257926 -0.000257926 
4.66 -0.000255207 -0.000255207 
4.67 -0.000252519 -0.000252519 
4.68 -0.00024986 -0.00024986 
4.69 -0.000247231 -0.000247231 
4.7 -0.000244629 -0.000244629 
4.71 -0.000242057 -0.000242057 
4.72 -0.000239512 -0.000239512 
4.73 -0.000236995 -0.000236995 
4.74 -0.000234506 -0.000234506 
4.75 -0.000232043 -0.000232043 
4.76 -0.000229607 -0.000229607 
4.77 -0.000227198 -0.000227198 
4.78 -0.000224815 -0.000224815 
4.79 -0.000222458 -0.000222458 
4.8 -0.000220126 -0.000220126 
4.81 -0.00021782 -0.00021782 
4.82 -0.000215538 -0.000215538 
4.83 -0.000213281 -0.000213281 
4.84 -0.000211049 -0.000211049 
4.85 -0.00020884 -0.00020884 
4.86 -0.000206656 -0.000206656 
4.87 -0.000204495 -0.000204495 
4.88 -0.000202357 -0.000202357 
4.89 -0.000200242 -0.000200242 
4.9 -0.00019815 -0.00019815 
4.91 -0.000196081 -0.000196081 
4.92 -0.000194033 -0.000194033 
4.93 -0.000192008 -0.000192008 
4.94 -0.000190005 -0.000190005 
4.95 -0.000188022 -0.000188022 
4.96 -0.000186062 -0.000186062 
4.97 -0.000184122 -0.000184122 
4.98 -0.000182203 -0.000182203 
4.99 -0.000180304 -0.000180304 
5 -0.000178426 -0.000178426 
5.01 -0.000176568 -0.000176568 
5.02 -0.000174729 -0.000174729 
5.03 -0.00017291 -0.00017291 
5.04 -0.000171111 -0.000171111 
5.05 -0.000169331 -0.000169331 
5.06 -0.00016757 -0.00016757 
5.07 -0.000165827 -0.000165827 
5.08 -0.000164103 -0.000164103 
5.09 -0.000162398 -0.000162398 
5.1 -0.00016071 -0.00016071 
5.11 -0.000159041 -0.000159041 
5.12 -0.000157389 -0.000157389 
5.13 -0.000155755 -0.000155755 
5.14 -0.000154138 -0.000154138 
5.15 -0.000152538 -0.000152538 
5.16 -0.000150955 -0.000150955 
5.17 -0.000149389 -0.000149389 
5.18 -0.000147839 -0.000147839 
5.19 -0.000146306 -0.000146306 
5.2 -0.000144789 -0.000144789 
5.21 -0.000143288 -0.000143288 
5.22 -0.000141803 -0.000141803 
5.23 -0.000140334 -0.000140334 
5.24 -0.00013888 -0.00013888 
5.25 -0.000137442 -0.000137442 
5.26 -0.000136019 -0.000136019 
5.27 -0.00013461 -0.00013461 
5.28 -0.000133217 -0.000133217 
5.29 -0.000131838 -0.000131838 
5.3 -0.000130474 -0.000130474 
5.31 -0.000129124 -0.000129124 
5.32 -0.000127788 -0.000127788 
5.33 -0.000126467 -0.000126467 
5.34 -0.000125159 -0.000125159 
5.35 -0.000123865 -0.000123865 
5.36 -0.000122585 -0.000122585 
5.37 -0.000121318 -0.000121318 
5.38 -0.000120064 -0.000120064 
5.39 -0.000118824 -0.000118824 
5.4 -0.000117596 -0.000117596 
5.41 -0.000116382 -0.000116382 
5.42 -0.00011518 -0.00011518 
5.43 -0.00011399 -0.00011399 
5.44 -0.000112814 -0.000112814 
5.45 -0.000111649 -0.000111649 
5.46 -0.000110497 -0.000110497 
5.47 -0.000109356 -0.000109356 
5.48 -0.000108228 -0.000108228 
5.49 -0.000107112 -0.000107112 
5.5 -0.000106007 -0.000106007 
5.51 -0.000104913 -0.000104913 
5.52 -0.000103831 -0.000103831 
5.53 -0.000102761 -0.000102761 
5.54 -0.000101701 -0.000101701 
5.55 -0.000100653 -0.000100653 
5.56 -9.96151e-05 -9.96151e-05 
5.57 -9.85884e-05 -9.85884e-05 
5.58 -9.75724e-05 -9.75724e-05 
5.59 -9.6567e-05 -9.6567e-05 
5.6 -9.5572e-05 -9.5572e-05 
5.61 -9.45874e-05 -9.45874e-05 
5.62 -9.36131e-05 -9.36131e-05 
5.63 -9.26489e-05 -9.26489e-05 
5.64 -9.16947e-05 -9.16947e-05 
5.65 -9.07504e-05 -9.07504e-05 
5.66 -8.9816e-05 -8.9816e-05 
5.67 -8.88913e-05 -8.88913e-05 
5.68 -8.79762e-05 -8.79762e-05 
5.69 -8.70706e-05 -8.70706e-05 
5.7 -8.61745e-05 -8.61745e-05 
5.71 -8.52876e-05 -8.52876e-05 
5.72 -8.44099e-05 -8.44099e-05 
5.73 -8.35414e-05 -8.35414e-05 
5.74 -8.26818e-05 -8.26818e-05 
5.75 -8.18312e-05 -8.18312e-05 
5.76 -8.09894e-05 -8.09894e-05 
5.77 -8.01563e-05 -8.01563e-05 
5.78 -7.93318e-05 -7.93318e-05 
5.79 -7.85159e-05 -7.85159e-05 
5.8 -7.77085e-05 -7.77085e-05 
5.81 -7.69094e-05 -7.69094e-05 
5.82 -7.61186e-05 -7.61186e-05 
5.83 -7.5336e-05 -7.5336e-05 
5.84 -7.45615e-05 -7.45615e-05 
5.85 -7.3795e-05 -7.3795e-05 
5.86 -7.30364e-05 -7.30364e-05 
5.87 -7.22857e-05 -7.22857e-05 
5.88 -7.15427e-05 -7.15427e-05 
5.89 -7.08074e-05 -7.08074e-05 
5.9 -7.00797e-05 -7.00797e-05 
5.91 -6.93596e-05 -6.93596e-05 
5.92 -6.86468e-05 -6.86468e-05 
5.93 -6.79415e-05 -6.79415e-05 
5.94 -6.72434e-05 -6.72434e-05 
5.95 -6.65525e-05 -6.65525e-05 
5.96 -6.58688e-05 -6.58688e-05 
5.97 -6.51922e-05 -6.51922e-05 
5.98 -6.45225e-05 -6.45225e-05 
5.99 -6.38598e-05 -6.38598e-05 
6 -6.32039e-05 -6.32039e-05 
6.01 -6.25547e-05 -6.25547e-05 
6.02 -6.19123e-05 -6.19123e-05 
6.03 -6.12765e-05 -6.12765e-05 
6.04 -6.06472e-05 -6.06472e-05 
6.05 -6.00244e-05 -6.00244e-05 
6.06 -5.94081e-05 -5.94081e-05 
6.07 -5.87981e-05 -5.87981e-05 
6.08 -5.81944e-05 -5.81944e-05 
6.09 -5.75969e-05 -5.75969e-05 
6.1 -5.70056e-05 -5.70056e-05 
6.11 -5.64204e-05 -5.64204e-05 
6.12 -5.58413e-05 -5.58413e-05 
6.13 -5.5268e-05 -5.5268e-05 
6.14 -5.47007e-05 -5.47007e-05 
6.15 -5.41392e-05 -5.41392e-05 
6.16 -5.35836e-05 -5.35836e-05 
6.17 -5.30336e-05 -5.30336e-05 
6.18 -5.24892e-05 -5.24892e-05 
6.19 -5.19505e-05 -5.19505e-05 
6.2 -5.14173e-05 -5.14173e-05 
6.21 -5.08897e-05 -5.08897e-05 
6.22 -5.03674e-05 -5.03674e-05 
6.23 -4.98505e-05 -4.98505e-05 
6.24 -4.9339e-05 -4.9339e-05 
6.25 -4.88326e-05 -4.88326e-05 
6.26 -4.83315e-05 -4.83315e-05 
6.27 -4.78356e-05 -4.78356e-05 
6.28 -4.73448e-05 -4.73448e-05 
6.29 -4.6859e-05 -4.6859e-05 
6.3 -4.63782e-05 -4.63782e-05 
6.31 -4.59023e-05 -4.59023e-05 
6.32 -4.54314e-05 -4.54314e-05 
6.33 -4.49653e-05 -4.49653e-05 
6.34 -4.4504e-05 -4.4504e-05 
6.35 -4.40474e-05 -4.40474e-05 
6.36 -4.35955e-05 -4.35955e-05 
6.37 -4.31483e-05 -4.31483e-05 
6.38 -4.27056e-05 -4.27056e-05 
6.39 -4.22676e-05 -4.22676e-05 
6.4 -4.1834e-05 -4.1834e-05 
6.41 -4.14048e-05 -4.14048e-05 
6.42 -4.09801e-05 -4.09801e-05 
6.43 -4.05597e-05 -4.05597e-05 
6.44 -4.01437e-05 -4.01437e-05 
6.45 -3.97319e-05 -3.97319e-05 
6.46 -3.93244e-05 -3.93244e-05 
6.47 -3.8921e-05 -3.8921e-05 
6.48 -3.85218e-05 -3.85218e-05 
6.49 -3.81267e-05 -3.81267e-05 
6.5 -3.77356e-05 -3.77356e-05 
6.51 -3.73486e-05 -3.73486e-05 
6.52 -3.69655e-05 -3.69655e-05 
6.53 -3.65863e-05 -3.65863e-05 
6.54 -3.62111e-05 -3.62111e-05 
6.55 -3.58397e-05 -3.58397e-05 
6.56 -3.54721e-05 -3.54721e-05 
6.57 -3.51082e-05 -3.51082e-05 
6.58 -3.47481e-05 -3.47481e-05 
6.59 -3.43917e-05 -3.43917e-05 
6.6 -3.4039e-05 -3.4039e-05 
6.61 -3.36898e-05 -3.36898e-05 
6.62 -3.33442e-05 -3.33442e-05 
6.63 -3.30022e-05 -3.30022e-05 
6.64 -3.26636e-05 -3.26636e-05 
6.65 -3.23286e-05 -3.23286e-05 
6.66 -3.1997e-05 -3.1997e-05 
6.67 -3.16687e-05 -3.16687e-05 
6.68 -3.13439e-05 -3.13439e-05 
6.69 -3.10223e-05 -3.10223e-05 
6.7 -3.0704e-05 -3.0704e-05 
6.71 -3.0389e-05 -3.0389e-05 
6.72 -3.00773e-05 -3.00773e-05 
6.73 -2.97687e-05 -2.97687e-05 
6.74 -2.94633e-05 -2.94633e-05 
6.75 -2.9161e-05 -2.9161e-05 
6.76 -2.88618e-05 -2.88618e-05 
6.77 -2.85657e-05 -2.85657e-05 
6.78 -2.82726e-05 -2.82726e-05 
6.79 -2.79825e-05 -2.79825e-05 
6.8 -2.76954e-05 -2.76954e-05 
6.81 -2.74112e-05 -2.74112e-05 
6.82 -2.71299e-05 -2.71299e-05 
6.83 -2.68514e-05 -2.68514e-05 
6.84 -2.65758e-05 -2.65758e-05 
6.85 -2.63031e-05 -2.63031e-05 
6.86 -2.60331e-05 -2.60331e-05 
6.87 -2.57658e-05 -2.57658e-05 
6.88 -2.55013e-05 -2.55013e-05 
6.89 -2.52395e-05 -2.52395e-05 
6.9 -2.49804e-05 -2.49804e-05 
6.91 -2.47239e-05 -2.47239e-05 
6.92 -2.44701e-05 -2.44701e-05 
6.93 -2.42188e-05 -2.42188e-05 
6.94 -2.39701e-05 -2.39701e-05 
6.95 -2.3724e-05 -2.3724e-05 
6.96 -2.34803e-05 -2.34803e-05 
6.97 -2.32391e-05 -2.32391e-05 
6.98 -2.30004e-05 -2.30004e-05 
6.99 -2.27642e-05 -2.27642e-05 
7 -2.25303e-05 -2.25303e-05 
7.01 -2.22988e-05 -2.22988e-05 
7.02 -2.20697e-05 -2.20697e-05 
7.03 -2.1843e-05 -2.1843e-05 
7.04 -2.16185e-05 -2.16185e-05 
7.05 -2.13963e-05 -2.13963e-05 
7.06 -2.11764e-05 -2.11764e-05 
7.07 -2.09587e-05 -2.09587e-05 
7.08 -2.07433e-05 -2.07433e-05 
7.09 -2.053e-05 -2.053e-05 
7.1 -2.03189e-05 -2.03189e-05 
7.11 -2.011e-05 -2.011e-05 
7.12 -1.99032e-05 -1.99032e-05 
7.13 -1.96985e-05 -1.96985e-05 
7.14 -1.94959e-05 -1.94959e-05 
7.15 -1.92954e-05 -1.92954e-05 
7.16 -1.90968e-05 -1.90968e-05 
7.17 -1.89004e-05 -1.89004e-05 
7.18 -1.87059e-05 -1.87059e-05 
7.19 -1.85134e-05 -1.85134e-05 
7.2 -1.83229e-05 -1.83229e-05 
7.21 -1.81343e-05 -1.81343e-05 
7.22 -1.79476e-05 -1.79476e-05 
7.23 -1.77629e-05 -1.77629e-05 
7.24 -1.758e-05 -1.758e-05 
7.25 -1.7399e-05 -1.7399e-05 
7.26 -1.72199e-05 -1.72199e-05 
7.27 -1.70426e-05 -1.70426e-05 
7.28 -1.6867e-05 -1.6867e-05 
7.29 -1.66933e-05 -1.66933e-05 
7.3 -1.65214e-05 -1.65214e-05 
7.31 -1.63512e-05 -1.63512e-05 
7.32 -1.61828e-05 -1.61828e-05 
7.33 -1.60161e-05 -1.60161e-05 
7.34 -1.58511e-05 -1.58511e-05 
7.35 -1.56877e-05 -1.56877e-05 
7.36 -1.55261e-05 -1.55261e-05 
7.37 -1.5366e-05 -1.5366e-05 
7.38 -1.52076e-05 -1.52076e-05 
7.39 -1.50508e-05 -1.50508e-05 
7.4 -1.48957e-05 -1.48957e-05 
7.41 -1.47421e-05 -1.47421e-05 
7.42 -1.45901e-05 -1.45901e-05 
7.43 -1.44396e-05 -1.44396e-05 
7.44 -1.42907e-05 -1.42907e-05 
7.45 -1.41433e-05 -1.41433e-05 
7.46 -1.39974e-05 -1.39974e-05 
7.47 -1.3853e-05 -1.3853e-05 
7.48 -1.371e-05 -1.371e-05 
7.49 -1.35686e-05 -1.35686e-05 
7.5 -1.34286e-05 -1.34286e-05 
7.51 -1.329e-05 -1.329e-05 
7.52 -1.31529e-05 -1.31529e-05 
7.53 -1.30171e-05 -1.30171e-05 
7.54 -1.28828e-05 -1.28828e-05 
7.55 -1.27498e-05 -1.27498e-05 
7.56 -1.26182e-05 -1.26182e-05 
7.57 -1.24879e-05 -1.24879e-05 
7.58 -1.2359e-05 -1.2359e-05 
7.59 -1.22314e-05 -1.22314e-05 
7.6 -1.21051e-05 -1.21051e-05 
7.61 -1.19801e-05 -1.19801e-05 
7.62 -1.18564e-05 -1.18564e-05 
7.63 -1.17339e-05 -1.17339e-05 
7.64 -1.16127e-05 -1.16127e-05 
7.65 -1.14927e-05 -1.14927e-05 
7.66 -1.13739e-05 -1.13739e-05 
7.67 -1.12564e-05 -1.12564e-05 
7.68 -1.11401e-05 -1.11401e-05 
7.69 -1.1025e-05 -1.1025e-05 
7.7 -1.0911e-05 -1.0911e-05 
7.71 -1.07982e-05 -1.07982e-05 
7.72 -1.06866e-05 -1.06866e-05 
7.73 -1.05762e-05 -1.05762e-05 
7.74 -1.04668e-05 -1.04668e-05 
7.75 -1.03587e-05 -1.03587e-05 
7.76 -1.02516e-05 -1.02516e-05 
7.77 -1.01456e-05 -1.01456e-05 
7.78 -1.00408e-05 -1.00408e-05 
7.79 -9.93696e-06 -9.93696e-06 
7.8 -9.83422e-06 -9.83422e-06 
7.81 -9.73254e-06 -9.73254e-06 
7.82 -9.63192e-06 -9.63192e-06 
7.83 -9.53236e-06 -9.53236e-06 
7.84 -9.43383e-06 -9.43383e-06 
7.85 -9.33632e-06 -9.33632e-06 
7.86 -9.23983e-06 -9.23983e-06 
7.87 -9.14432e-06 -9.14432e-06 
7.88 -9.04979e-06 -9.04979e-06 
7.89 -8.95624e-06 -8.95624e-06 
7.9 -8.86366e-06 -8.86366e-06 
7.91 -8.77205e-06 -8.77205e-06 
7.92 -8.68138e-06 -8.68138e-06 
7.93 -8.59167e-06 -8.59167e-06 
7.94 -8.50289e-06 -8.50289e-06 
7.95 -8.41504e-06 -8.41504e-06 
7.96 -8.32808e-06 -8.32808e-06 
7.97 -8.24203e-06 -8.24203e-06 
7.98 -8.15689e-06 -8.15689e-06 
7.99 -8.07265e-06 -8.07265e-06 
8 -7.98929e-06 -7.98929e-06 
8.01 -7.90682e-06 -7.90682e-06 
8.02 -7.8252e-06 -7.8252e-06 
8.03 -7.74446e-06 -7.74446e-06 
8.04 -7.66456e-06 -7.66456e-06 
8.05 -7.58551e-06 -7.58551e-06 
8.06 -7.5073e-06 -7.5073e-06 
8.07 -7.42992e-06 -7.42992e-06 
8.08 -7.35334e-06 -7.35334e-06 
8.09 -7.27758e-06 -7.27758e-06 
8.1 -7.20263e-06 -7.20263e-06 
8.11 -7.12849e-06 -7.12849e-06 
8.12 -7.05512e-06 -7.05512e-06 
8.13 -6.98255e-06 -6.98255e-06 
8.14 -6.91074e-06 -6.91074e-06 
8.15 -6.83972e-06 -6.83972e-06 
8.16 -6.76945e-06 -6.76945e-06 
8.17 -6.69995e-06 -6.69995e-06 
8.18 -6.63121e-06 -6.63121e-06 
8.19 -6.56322e-06 -6.56322e-06 
8.2 -6.49596e-06 -6.49596e-06 
8.21 -6.42946e-06 -6.42946e-06 
8.22 -6.36369e-06 -6.36369e-06 
8.23 -6.29866e-06 -6.29866e-06 
8.24 -6.23433e-06 -6.23433e-06 
8.25 -6.17072e-06 -6.17072e-06 
8.26 -6.1078e-06 -6.1078e-06 
8.27 -6.04559e-06 -6.04559e-06 
8.28 -5.98405e-06 -5.98405e-06 
8.29 -5.92321e-06 -5.92321e-06 
8.3 -5.86302e-06 -5.86302e-06 
8.31 -5.80351e-06 -5.80351e-06 
8.32 -5.74467e-06 -5.74467e-06 
8.33 -5.68652e-06 -5.68652e-06 
8.34 -5.62902e-06 -5.62902e-06 
8.35 -5.57217e-06 -5.57217e-06 
8.36 -5.51594e-06 -5.51594e-06 
8.37 -5.46036e-06 -5.46036e-06 
8.38 -5.40541e-06 -5.40541e-06 
8.39 -5.3511e-06 -5.3511e-06 
8.4 -5.29741e-06 -5.29741e-06 
8.41 -5.24437e-06 -5.24437e-06 
8.42 -5.19193e-06 -5.19193e-06 
8.43 -5.14012e-06 -5.14012e-06 
8.44 -5.08889e-06 -5.08889e-06 
8.45 -5.03829e-06 -5.03829e-06 
8.46 -4.98828e-06 -4.98828e-06 
8.47 -4.93889e-06 -4.93889e-06 
8.48 -4.89005e-06 -4.89005e-06 
8.49 -4.84181e-06 -4.84181e-06 
8.5 -4.79412e-06 -4.79412e-06 
8.51 -4.74703e-06 -4.74703e-06 
8.52 -4.7005e-06 -4.7005e-06 
8.53 -4.65455e-06 -4.65455e-06 
8.54 -4.60916e-06 -4.60916e-06 
8.55 -4.56436e-06 -4.56436e-06 
8.56 -4.5201e-06 -4.5201e-06 
8.57 -4.47642e-06 -4.47642e-06 
8.58 -4.43325e-06 -4.43325e-06 
8.59 -4.39064e-06 -4.39064e-06 
8.6 -4.34854e-06 -4.34854e-06 
8.61 -4.30699e-06 -4.30699e-06 
8.62 -4.26595e-06 -4.26595e-06 
8.63 -4.22545e-06 -4.22545e-06 
8.64 -4.18543e-06 -4.18543e-06 
8.65 -4.14594e-06 -4.14594e-06 
8.66 -4.10692e-06 -4.10692e-06 
8.67 -4.06843e-06 -4.06843e-06 
8.68 -4.03044e-06 -4.03044e-06 
8.69 -3.993e-06 -3.993e-06 
8.7 -3.95602e-06 -3.95602e-06 
8.71 -3.91955e-06 -3.91955e-06 
8.72 -3.8835e-06 -3.8835e-06 
8.73 -3.84797e-06 -3.84797e-06 
8.74 -3.8129e-06 -3.8129e-06 
8.75 -3.77837e-06 -3.77837e-06 
8.76 -3.74426e-06 -3.74426e-06 
8.77 -3.71068e-06 -3.71068e-06 
8.78 -3.67753e-06 -3.67753e-06 
8.79 -3.64487e-06 -3.64487e-06 
8.8 -3.61261e-06 -3.61261e-06 
8.81 -3.58084e-06 -3.58084e-06 
8.82 -3.54949e-06 -3.54949e-06 
8.83 -3.51866e-06 -3.51866e-06 
8.84 -3.48821e-06 -3.48821e-06 
8.85 -3.45822e-06 -3.45822e-06 
8.86 -3.42856e-06 -3.42856e-06 
8.87 -3.39936e-06 -3.39936e-06 
8.88 -3.37054e-06 -3.37054e-06 
8.89 -3.3422e-06 -3.3422e-06 
8.9 -3.31422e-06 -3.31422e-06 
8.91 -3.28673e-06 -3.28673e-06 
8.92 -3.25959e-06 -3.25959e-06 
8.93 -3.23293e-06 -3.23293e-06 
8.94 -3.2066e-06 -3.2066e-06 
8.95 -3.18074e-06 -3.18074e-06 
8.96 -3.15522e-06 -3.15522e-06 
8.97 -3.13017e-06 -3.13017e-06 
8.98 -3.1054e-06 -3.1054e-06 
8.99 -3.08109e-06 -3.08109e-06 
9 -3.05708e-06 -3.05708e-06 
9.01 -3.03352e-06 -3.03352e-06 
9.02 -3.01027e-06 -3.01027e-06 
9.03 -2.98749e-06 -2.98749e-06 
9.04 -2.96501e-06 -2.96501e-06 
9.05 -2.94296e-06 -2.94296e-06 
9.06 -2.92115e-06 -2.92115e-06 
9.07 -2.8998e-06 -2.8998e-06 
9.08 -2.87873e-06 -2.87873e-06 
9.09 -2.85815e-06 -2.85815e-06 
9.1 -2.83781e-06 -2.83781e-06 
9.11 -2.81791e-06 -2.81791e-06 
9.12 -2.7982e-06 -2.7982e-06 
9.13 -2.77895e-06 -2.77895e-06 
9.14 -2.75995e-06 -2.75995e-06 
9.15 -2.7414e-06 -2.7414e-06 
9.16 -2.72301e-06 -2.72301e-06 
9.17 -2.70507e-06 -2.70507e-06 
9.18 -2.68734e-06 -2.68734e-06 
9.19 -2.67008e-06 -2.67008e-06 
9.2 -2.653e-06 -2.653e-06 
9.21 -2.6364e-06 -2.6364e-06 
9.22 -2.61998e-06 -2.61998e-06 
9.23 -2.60401e-06 -2.60401e-06 
9.24 -2.58816e-06 -2.58816e-06 
9.25 -2.57279e-06 -2.57279e-06 
9.26 -2.55757e-06 -2.55757e-06 
9.27 -2.54285e-06 -2.54285e-06 
9.28 -2.52823e-06 -2.52823e-06 
9.29 -2.5141e-06 -2.5141e-06 
9.3 -2.50006e-06 -2.50006e-06 
9.31 -2.4865e-06 -2.4865e-06 
9.32 -2.473e-06 -2.473e-06 
9.33 -2.45997e-06 -2.45997e-06 
9.34 -2.44698e-06 -2.44698e-06 
9.35 -2.43444e-06 -2.43444e-06 
9.36 -2.42187e-06 -2.42187e-06 
9.37 -2.40979e-06 -2.40979e-06 
9.38 -2.39778e-06 -2.39778e-06 
9.39 -2.38633e-06 -2.38633e-06 
9.4 -2.37494e-06 -2.37494e-06 
9.41 -2.36407e-06 -2.36407e-06 
9.42 -2.35314e-06 -2.35314e-06 
9.43 -2.34273e-06 -2.34273e-06 
9.44 -2.33226e-06 -2.33226e-06 
9.45 -2.32234e-06 -2.32234e-06 
9.46 -2.31233e-06 -2.31233e-06 
9.47 -2.30284e-06 -2.30284e-06 
9.48 -2.2932e-06 -2.2932e-06 
9.49 -2.28406e-06 -2.28406e-06 
9.5 -2.27473e-06 -2.27473e-06 
9.51 -2.26594e-06 -2.26594e-06 
9.52 -2.25697e-06 -2.25697e-06 
9.53 -2.24861e-06 -2.24861e-06 
9.54 -2.24005e-06 -2.24005e-06 
9.55 -2.23209e-06 -2.23209e-06 
9.56 -2.22379e-06 -2.22379e-06 
9.57 -2.21613e-06 -2.21613e-06 
9.58 -2.20823e-06 -2.20823e-06 
9.59 -2.20099e-06 -2.20099e-06 
9.6 -2.19333e-06 -2.19333e-06 
9.61 -2.18628e-06 -2.18628e-06 
9.62 -2.17877e-06 -2.17877e-06 
9.63 -2.17194e-06 -2.17194e-06 
9.64 -2.16469e-06 -2.16469e-06 
9.65 -2.15815e-06 -2.15815e-06 
9.66 -2.15107e-06 -2.15107e-06 
9.67 -2.14469e-06 -2.14469e-06 
9.68 -2.13772e-06 -2.13772e-06 
9.69 -2.13151e-06 -2.13151e-06 
9.7 -2.12465e-06 -2.12465e-06 
9.71 -2.11859e-06 -2.11859e-06 
9.72 -2.11186e-06 -2.11186e-06 
9.73 -2.10591e-06 -2.10591e-06 
9.74 -2.0991e-06 -2.0991e-06 
9.75 -2.09311e-06 -2.09311e-06 
9.76 -2.08626e-06 -2.08626e-06 
9.77 -2.08026e-06 -2.08026e-06 
9.78 -2.07324e-06 -2.07324e-06 
9.79 -2.06708e-06 -2.06708e-06 
9.8 -2.05981e-06 -2.05981e-06 
9.81 -2.05347e-06 -2.05347e-06 
9.82 -2.04596e-06 -2.04596e-06 
9.83 -2.03947e-06 -2.03947e-06 
9.84 -2.03174e-06 -2.03174e-06 
9.85 -2.02508e-06 -2.02508e-06 
9.86 -2.01709e-06 -2.01709e-06 
9.87 -2.01021e-06 -2.01021e-06 
9.88 -2.0018e-06 -2.0018e-06 
9.89 -1.9945e-06 -1.9945e-06 
9.9 -1.98551e-06 -1.98551e-06 
9.91 -1.9777e-06 -1.9777e-06 
9.92 -1.96807e-06 -1.96807e-06 
9.93 -1.9597e-06 -1.9597e-06 
9.94 -1.94936e-06 -1.94936e-06 
9.95 -1.9403e-06 -1.9403e-06 
9.96 -1.929e-06 -1.929e-06 
9.97 -1.91884e-06 -1.91884e-06 
9.98 -1.90575e-06 -1.90575e-06 
9.99 -1.89206e-06 -1.89206e-06 
10 -1.85421e-06 -1.85421e-06 
10.01 -1.89206e-06 -1.89206e-06 
10.02 -1.90575e-06 -1.90575e-06 
10.03 -1.91884e-06 -1.91884e-06 
10.04 -1.929e-06 -1.929e-06 
10.05 -1.9403e-06 -1.9403e-06 
10.06 -1.94936e-06 -1.94936e-06 
10.07 -1.9597e-06 -1.9597e-06 
10.08 -1.96807e-06 -1.96807e-06 
10.09 -1.9777e-06 -1.9777e-06 
10.1 -1.98551e-06 -1.98551e-06 
10.11 -1.9945e-06 -1.9945e-06 
10.12 -2.0018e-06 -2.0018e-06 
10.13 -2.01021e-06 -2.01021e-06 
10.14 -2.01709e-06 -2.01709e-06 
10.15 -2.02508e-06 -2.02508e-06 
10.16 -2.03174e-06 -2.03174e-06 
10.17 -2.03947e-06 -2.03947e-06 
10.18 -2.04596e-06 -2.04596e-06 
10.19 -2.05347e-06 -2.05347e-06 
10.2 -2.05981e-06 -2.05981e-06 
10.21 -2.06708e-06 -2.06708e-06 
10.22 -2.07324e-06 -2.07324e-06 
10.23 -2.08026e-06 -2.08026e-06 
10.24 -2.08626e-06 -2.08626e-06 
10.25 -2.09311e-06 -2.09311e-06 
10.26 -2.0991e-06 -2.0991e-06 
10.27 -2.10591e-06 -2.10591e-06 
10.28 -2.11186e-06 -2.11186e-06 
10.29 -2.11859e-06 -2.11859e-06 
10.3 -2.12465e-06 -2.12465e-06 
10.31 -2.13151e-06 -2.13151e-06 
10.32 -2.13772e-06 -2.13772e-06 
10.33 -2.14469e-06 -2.14469e-06 
10.34 -2.15107e-06 -2.15107e-06 
10.35 -2.15815e-06 -2.15815e-06 
10.36 -2.16469e-06 -2.16469e-06 
10.37 -2.17194e-06 -2.17194e-06 
10.38 -2.17877e-06 -2.17877e-06 
10.39 -2.18628e-06 -2.18628e-06 
10.4 -2.19333e-06 -2.19333e-06 
10.41 -2.20099e-06 -2.20099e-06 
10.42 -2.20823e-06 -2.20823e-06 
10.43 -2.21613e-06 -2.21613e-06 
10.44 -2.22379e-06 -2.22379e-06 
10.45 -2.23209e-06 -2.23209e-06 
10.46 -2.24005e-06 -2.24005e-06 
10.47 -2.24861e-06 -2.24861e-06 
10.48 -2.25697e-06 -2.25697e-06 
10.49 -2.26594e-06 -2.26594e-06 
10.5 -2.27473e-06 -2.27473e-06 
10.51 -2.28406e-06 -2.28406e-06 
10.52 -2.2932e-06 -2.2932e-06 
10.53 -2.30284e-06 -2.30284e-06 
10.54 -2.31233e-06 -2.31233e-06 
10.55 -2.32234e-06 -2.32234e-06 
10.56 -2.33226e-06 -2.33226e-06 
10.57 -2.34273e-06 -2.34273e-06 
10.58 -2.35314e-06 -2.35314e-06 
10.59 -2.36407e-06 -2.36407e-06 
10.6 -2.37494e-06 -2.37494e-06 
10.61 -2.38633e-06 -2.38633e-06 
10.62 -2.39778e-06 -2.39778e-06 
10.63 -2.40979e-06 -2.40979e-06 
10.64 -2.42187e-06 -2.42187e-06 
10.65 -2.43444e-06 -2.43444e-06 
10.66 -2.44698e-06 -2.44698e-06 
10.67 -2.45997e-06 -2.45997e-06 
10.68 -2.473e-06 -2.473e-06 
10.69 -2.4865e-06 -2.4865e-06 
10.7 -2.50006e-06 -2.50006e-06 
10.71 -2.5141e-06 -2.5141e-06 
10.72 -2.52823e-06 -2.52823e-06 
10.73 -2.54285e-06 -2.54285e-06 
10.74 -2.55757e-06 -2.55757e-06 
10.75 -2.57279e-06 -2.57279e-06 
10.76 -2.58816e-06 -2.58816e-06 
10.77 -2.60401e-06 -2.60401e-06 
10.78 -2.61998e-06 -2.61998e-06 
10.79 -2.6364e-06 -2.6364e-06 
10.8 -2.653e-06 -2.653e-06 
10.81 -2.67008e-06 -2.67008e-06 
10.82 -2.68734e-06 -2.68734e-06 
10.83 -2.70507e-06 -2.70507e-06 
10.84 -2.72301e-06 -2.72301e-06 
10.85 -2.7414e-06 -2.7414e-06 
10.86 -2.75995e-06 -2.75995e-06 
10.87 -2.77895e-06 -2.77895e-06 
10.88 -2.7982e-06 -2.7982e-06 
10.89 -2.81791e-06 -2.81791e-06 
10.9 -2.83781e-06 -2.83781e-06 
10.91 -2.85815e-06 -2.85815e-06 
10.92 -2.87873e-06 -2.87873e-06 
10.93 -2.8998e-06 -2.8998e-06 
10.94 -2.92115e-06 -2.92115e-06 
10.95 -2.94296e-06 -2.94296e-06 
10.96 -2.96501e-06 -2.96501e-06 
10.97 -2.98749e-06 -2.98749e-06 
10.98 -3.01027e-06 -3.01027e-06 
10.99 -3.03352e-06 -3.03352e-06 
11 -3.05708e-06 -3.05708e-06 
11.01 -3.08109e-06 -3.08109e-06 
11.02 -3.1054e-06 -3.1054e-06 
11.03 -3.13017e-06 -3.13017e-06 
11.04 -3.15522e-06 -3.15522e-06 
11.05 -3.18074e-06 -3.18074e-06 
11.06 -3.2066e-06 -3.2066e-06 
11.07 -3.23293e-06 -3.23293e-06 
11.08 -3.25959e-06 -3.25959e-06 
11.09 -3.28673e-06 -3.28673e-06 
11.1 -3.31422e-06 -3.31422e-06 
11.11 -3.3422e-06 -3.3422e-06 
11.12 -3.37054e-06 -3.37054e-06 
11.13 -3.39936e-06 -3.39936e-06 
11.14 -3.42856e-06 -3.42856e-06 
11.15 -3.45822e-06 -3.45822e-06 
11.16 -3.48821e-06 -3.48821e-06 
11.17 -3.51866e-06 -3.51866e-06 
11.18 -3.54949e-06 -3.54949e-06 
11.19 -3.58084e-06 -3.58084e-06 
11.2 -3.61261e-06 -3.61261e-06 
11.21 -3.64487e-06 -3.64487e-06 
11.22 -3.67753e-06 -3.67753e-06 
11.23 -3.71068e-06 -3.71068e-06 
11.24 -3.74426e-06 -3.74426e-06 
11.25 -3.77837e-06 -3.77837e-06 
11.26 -3.8129e-06 -3.8129e-06 
11.27 -3.84797e-06 -3.84797e-06 
11.28 -3.8835e-06 -3.8835e-06 
11.29 -3.91955e-06 -3.91955e-06 
11.3 -3.95602e-06 -3.95602e-06 
11.31 -3.993e-06 -3.993e-06 
11.32 -4.03044e-06 -4.03044e-06 
11.33 -4.06843e-06 -4.06843e-06 
11.34 -4.10692e-06 -4.10692e-06 
11.35 -4.14594e-06 -4.14594e-06 
11.36 -4.18543e-06 -4.18543e-06 
11.37 -4.22545e-06 -4.22545e-06 
11.38 -4.26595e-06 -4.26595e-06 
11.39 -4.30699e-06 -4.30699e-06 
11.4 -4.34854e-06 -4.34854e-06 
11.41 -4.39064e-06 -4.39064e-06 
11.42 -4.43325e-06 -4.43325e-06 
11.43 -4.47642e-06 -4.47642e-06 
11.44 -4.5201e-06 -4.5201e-06 
11.45 -4.56436e-06 -4.56436e-06 
11.46 -4.60916e-06 -4.60916e-06 
11.47 -4.65455e-06 -4.65455e-06 
11.48 -4.7005e-06 -4.7005e-06 
11.49 -4.74703e-06 -4.74703e-06 
11.5 -4.79412e-06 -4.79412e-06 
11.51 -4.84181e-06 -4.84181e-06 
11.52 -4.89005e-06 -4.89005e-06 
11.53 -4.93889e-06 -4.93889e-06 
11.54 -4.98828e-06 -4.98828e-06 
11.55 -5.03829e-06 -5.03829e-06 
11.56 -5.08889e-06 -5.08889e-06 
11.57 -5.14012e-06 -5.14012e-06 
11.58 -5.19193e-06 -5.19193e-06 
11.59 -5.24437e-06 -5.24437e-06 
11.6 -5.29741e-06 -5.29741e-06 
11.61 -5.3511e-06 -5.3511e-06 
11.62 -5.40541e-06 -5.40541e-06 
11.63 -5.46036e-06 -5.46036e-06 
11.64 -5.51594e-06 -5.51594e-06 
11.65 -5.57217e-06 -5.57217e-06 
11.66 -5.62902e-06 -5.62902e-06 
11.67 -5.68652e-06 -5.68652e-06 
11.68 -5.74467e-06 -5.74467e-06 
11.69 -5.80351e-06 -5.80351e-06 
11.7 -5.86302e-06 -5.86302e-06 
11.71 -5.92321e-06 -5.92321e-06 
11.72 -5.98405e-06 -5.98405e-06 
11.73 -6.04559e-06 -6.04559e-06 
11.74 -6.1078e-06 -6.1078e-06 
11.75 -6.17072e-06 -6.17072e-06 
11.76 -6.23433e-06 -6.23433e-06 
11.77 -6.29866e-06 -6.29866e-06 
11.78 -6.36369e-06 -6.36369e-06 
11.79 -6.42946e-06 -6.42946e-06 
11.8 -6.49596e-06 -6.49596e-06 
11.81 -6.56322e-06 -6.56322e-06 
11.82 -6.63121e-06 -6.63121e-06 
11.83 -6.69995e-06 -6.69995e-06 
11.84 -6.76945e-06 -6.76945e-06 
11.85 -6.83972e-06 -6.83972e-06 
11.86 -6.91074e-06 -6.91074e-06 
11.87 -6.98255e-06 -6.98255e-06 
11.88 -7.05512e-06 -7.05512e-06 
11.89 -7.12849e-06 -7.12849e-06 
11.9 -7.20263e-06 -7.20263e-06 
11.91 -7.27758e-06 -7.27758e-06 
11.92 -7.35334e-06 -7.35334e-06 
11.93 -7.42992e-06 -7.42992e-06 
11.94 -7.5073e-06 -7.5073e-06 
11.95 -7.58551e-06 -7.58551e-06 
11.96 -7.66456e-06 -7.66456e-06 
11.97 -7.74446e-06 -7.74446e-06 
11.98 -7.8252e-06 -7.8252e-06 
11.99 -7.90682e-06 -7.90682e-06 
12 -7.98929e-06 -7.98929e-06 
12.01 -8.07265e-06 -8.07265e-06 
12.02 -8.15689e-06 -8.15689e-06 
12.03 -8.24203e-06 -8.24203e-06 
12.04 -8.32808e-06 -8.32808e-06 
12.05 -8.41504e-06 -8.41504e-06 
12.06 -8.50289e-06 -8.50289e-06 
12.07 -8.59167e-06 -8.59167e-06 
12.08 -8.68138e-06 -8.68138e-06 
12.09 -8.77205e-06 -8.77205e-06 
12.1 -8.86366e-06 -8.86366e-06 
12.11 -8.95624e-06 -8.95624e-06 
12.12 -9.04979e-06 -9.04979e-06 
12.13 -9.14432e-06 -9.14432e-06 
12.14 -9.23983e-06 -9.23983e-06 
12.15 -9.33632e-06 -9.33632e-06 
12.16 -9.43383e-06 -9.43383e-06 
12.17 -9.53236e-06 -9.53236e-06 
12.18 -9.63192e-06 -9.63192e-06 
12.19 -9.73254e-06 -9.73254e-06 
12.2 -9.83422e-06 -9.83422e-06 
12.21 -9.93696e-06 -9.93696e-06 
12.22 -1.00408e-05 -1.00408e-05 
12.23 -1.01456e-05 -1.01456e-05 
12.24 -1.02516e-05 -1.02516e-05 
12.25 -1.03587e-05 -1.03587e-05 
12.26 -1.04668e-05 -1.04668e-05 
12.27 -1.05762e-05 -1.05762e-05 
12.28 -1.06866e-05 -1.06866e-05 
12.29 -1.07982e-05 -1.07982e-05 
12.3 -1.0911e-05 -1.0911e-05 
12.31 -1.1025e-05 -1.1025e-05 
12.32 -1.11401e-05 -1.11401e-05 
12.33 -1.12564e-05 -1.12564e-05 
12.34 -1.13739e-05 -1.13739e-05 
12.35 -1.14927e-05 -1.14927e-05 
12.36 -1.16127e-05 -1.16127e-05 
12.37 -1.17339e-05 -1.17339e-05 
12.38 -1.18564e-05 -1.18564e-05 
12.39 -1.19801e-05 -1.19801e-05 
12.4 -1.21051e-05 -1.21051e-05 
12.41 -1.22314e-05 -1.22314e-05 
12.42 -1.2359e-05 -1.2359e-05 
12.43 -1.24879e-05 -1.24879e-05 
12.44 -1.26182e-05 -1.26182e-05 
12.45 -1.27498e-05 -1.27498e-05 
12.46 -1.28828e-05 -1.28828e-05 
12.47 -1.30171e-05 -1.30171e-05 
12.48 -1.31529e-05 -1.31529e-05 
12.49 -1.329e-05 -1.329e-05 
12.5 -1.34286e-05 -1.34286e-05 
12.51 -1.35686e-05 -1.35686e-05 
12.52 -1.371e-05 -1.371e-05 
12.53 -1.3853e-05 -1.3853e-05 
12.54 -1.39974e-05 -1.39974e-05 
12.55 -1.41433e-05 -1.41433e-05 
12.56 -1.42907e-05 -1.42907e-05 
12.57 -1.44396e-05 -1.44396e-05 
12.58 -1.45901e-05 -1.45901e-05 
12.59 -1.47421e-05 -1.47421e-05 
12.6 -1.48957e-05 -1.48957e-05 
12.61 -1.50508e-05 -1.50508e-05 
12.62 -1.52076e-05 -1.52076e-05 
12.63 -1.5366e-05 -1.5366e-05 
12.64 -1.55261e-05 -1.55261e-05 
12.65 -1.56877e-05 -1.56877e-05 
12.66 -1.58511e-05 -1.58511e-05 
12.67 -1.60161e-05 -1.60161e-05 
12.68 -1.61828e-05 -1.61828e-05 
12.69 -1.63512e-05 -1.63512e-05 
12.7 -1.65214e-05 -1.65214e-05 
12.71 -1.66933e-05 -1.66933e-05 
12.72 -1.6867e-05 -1.6867e-05 
12.73 -1.70426e-05 -1.70426e-05 
12.74 -1.72199e-05 -1.72199e-05 
12.75 -1.7399e-05 -1.7399e-05 
12.76 -1.758e-05 -1.758e-05 
12.77 -1.77629e-05 -1.77629e-05 
12.78 -1.79476e-05 -1.79476e-05 
12.79 -1.81343e-05 -1.81343e-05 
12.8 -1.83229e-05 -1.83229e-05 
12.81 -1.85134e-05 -1.85134e-05 
12.82 -1.87059e-05 -1.87059e-05 
12.83 -1.89004e-05 -1.89004e-05 
12.84 -1.90968e-05 -1.90968e-05 
12.85 -1.92954e-05 -1.92954e-05 
12.86 -1.94959e-05 -1.94959e-05 
12.87 -1.96985e-05 -1.96985e-05 
12.88 -1.99032e-05 -1.99032e-05 
12.89 -2.011e-05 -2.011e-05 
12.9 -2.03189e-05 -2.03189e-05 
12.91 -2.053e-05 -2.053e-05 
12.92 -2.07433e-05 -2.07433e-05 
12.93 -2.09587e-05 -2.09587e-05 
12.94 -2.11764e-05 -2.11764e-05 
12.95 -2.13963e-05 -2.13963e-05 
12.96 -2.16185e-05 -2.16185e-05 
12.97 -2.1843e-05 -2.1843e-05 
12.98 -2.20697e-05 -2.20697e-05 
12.99 -2.22988e-05 -2.22988e-05 
13 -2.25303e-05 -2.25303e-05 
13.01 -2.27642e-05 -2.27642e-05 
13.02 -2.30004e-05 -2.30004e-05 
13.03 -2.32391e-05 -2.32391e-05 
13.04 -2.34803e-05 -2.34803e-05 
13.05 -2.3724e-05 -2.3724e-05 
13.06 -2.39701e-05 -2.39701e-05 
13.07 -2.42188e-05 -2.42188e-05 
13.08 -2.44701e-05 -2.44701e-05 
13.09 -2.47239e-05 -2.47239e-05 
13.1 -2.49804e-05 -2.49804e-05 
13.11 -2.52395e-05 -2.52395e-05 
13.12 -2.55013e-05 -2.55013e-05 
13.13 -2.57658e-05 -2.57658e-05 
13.14 -2.60331e-05 -2.60331e-05 
13.15 -2.63031e-05 -2.63031e-05 
13.16 -2.65758e-05 -2.65758e-05 
13.17 -2.68514e-05 -2.68514e-05 
13.18 -2.71299e-05 -2.71299e-05 
13.19 -2.74112e-05 -2.74112e-05 
13.2 -2.76954e-05 -2.76954e-05 
13.21 -2.79825e-05 -2.79825e-05 
13.22 -2.82726e-05 -2.82726e-05 
13.23 -2.85657e-05 -2.85657e-05 
13.24 -2.88618e-05 -2.88618e-05 
13.25 -2.9161e-05 -2.9161e-05 
13.26 -2.94633e-05 -2.94633e-05 
13.27 -2.97687e-05 -2.97687e-05 
13.28 -3.00773e-05 -3.00773e-05 
13.29 -3.0389e-05 -3.0389e-05 
13.3 -3.0704e-05 -3.0704e-05 
13.31 -3.10223e-05 -3.10223e-05 
13.32 -3.13439e-05 -3.13439e-05 
13.33 -3.16687e-05 -3.16687e-05 
13.34 -3.1997e-05 -3.1997e-05 
13.35 -3.23286e-05 -3.23286e-05 
13.36 -3.26636e-05 -3.26636e-05 
13.37 -3.30022e-05 -3.30022e-05 
13.38 -3.33442e-05 -3.33442e-05 
13.39 -3.36898e-05 -3.36898e-05 
13.4 -3.4039e-05 -3.4039e-05 
13.41 -3.43917e-05 -3.43917e-05 
13.42 -3.47481e-05 -3.47481e-05 
13.43 -3.51082e-05 -3.51082e-05 
13.44 -3.54721e-05 -3.54721e-05 
13.45 -3.58397e-05 -3.58397e-05 
13.46 -3.62111e-05 -3.62111e-05 
13.47 -3.65863e-05 -3.65863e-05 
13.48 -3.69655e-05 -3.69655e-05 
13.49 -3.73486e-05 -3.73486e-05 
13.5 -3.77356e-05 -3.77356e-05 
13.51 -3.81267e-05 -3.81267e-05 
13.52 -3.85218e-05 -3.85218e-05 
13.53 -3.8921e-05 -3.8921e-05 
13.54 -3.93244e-05 -3.93244e-05 
13.55 -3.97319e-05 -3.97319e-05 
13.56 -4.01437e-05 -4.01437e-05 
13.57 -4.05597e-05 -4.05597e-05 
13.58 -4.09801e-05 -4.09801e-05 
13.59 -4.14048e-05 -4.14048e-05 
13.6 -4.1834e-05 -4.1834e-05 
13.61 -4.22676e-05 -4.22676e-05 
13.62 -4.27056e-05 -4.27056e-05 
13.63 -4.31483e-05 -4.31483e-05 
13.64 -4.35955e-05 -4.35955e-05 
13.65 -4.40474e-05 -4.40474e-05 
13.66 -4.4504e-05 -4.4504e-05 
13.67 -4.49653e-05 -4.49653e-05 
13.68 -4.54314e-05 -4.54314e-05 
13.69 -4.59023e-05 -4.59023e-05 
13.7 -4.63782e-05 -4.63782e-05 
13.71 -4.6859e-05 -4.6859e-05 
13.72 -4.73448e-05 -4.73448e-05 
13.73 -4.78356e-05 -4.78356e-05 
13.74 -4.83315e-05 -4.83315e-05 
13.75 -4.88326e-05 -4.88326e-05 
13.76 -4.9339e-05 -4.9339e-05 
13.77 -4.98505e-05 -4.98505e-05 
13.78 -5.03674e-05 -5.03674e-05 
13.79 -5.08897e-05 -5.08897e-05 
13.8 -5.14173e-05 -5.14173e-05 
13.81 -5.19505e-05 -5.19505e-05 
13.82 -5.24892e-05 -5.24892e-05 
13.83 -5.30336e-05 -5.30336e-05 
13.84 -5.35836e-05 -5.35836e-05 
13.85 -5.41392e-05 -5.41392e-05 
13.86 -5.47007e-05 -5.47007e-05 
13.87 -5.5268e-05 -5.5268e-05 
13.88 -5.58413e-05 -5.58413e-05 
13.89 -5.64204e-05 -5.64204e-05 
13.9 -5.70056e-05 -5.70056e-05 
13.91 -5.75969e-05 -5.75969e-05 
13.92 -5.81944e-05 -5.81944e-05 
13.93 -5.87981e-05 -5.87981e-05 
13.94 -5.94081e-05 -5.94081e-05 
13.95 -6.00244e-05 -6.00244e-05 
13.96 -6.06472e-05 -6.06472e-05 
13.97 -6.12765e-05 -6.12765e-05 
13.98 -6.19123e-05 -6.19123e-05 
13.99 -6.25547e-05 -6.25547e-05 
14 -6.32039e-05 -6.32039e-05 
14.01 -6.38598e-05 -6.38598e-05 
14.02 -6.45225e-05 -6.45225e-05 
14.03 -6.51922e-05 -6.51922e-05 
14.04 -6.58688e-05 -6.58688e-05 
14.05 -6.65525e-05 -6.65525e-05 
14.06 -6.72434e-05 -6.72434e-05 
14.07 -6.79415e-05 -6.79415e-05 
14.08 -6.86468e-05 -6.86468e-05 
14.09 -6.93596e-05 -6.93596e-05 
14.1 -7.00797e-05 -7.00797e-05 
14.11 -7.08074e-05 -7.08074e-05 
14.12 -7.15427e-05 -7.15427e-05 
14.13 -7.22857e-05 -7.22857e-05 
14.14 -7.30364e-05 -7.30364e-05 
14.15 -7.3795e-05 -7.3795e-05 
14.16 -7.45615e-05 -7.45615e-05 
14.17 -7.5336e-05 -7.5336e-05 
14.18 -7.61186e-05 -7.61186e-05 
14.19 -7.69094e-05 -7.69094e-05 
14.2 -7.77085e-05 -7.77085e-05 
14.21 -7.85159e-05 -7.85159e-05 
14.22 -7.93318e-05 -7.93318e-05 
14.23 -8.01563e-05 -8.01563e-05 
14.24 -8.09894e-05 -8.09894e-05 
14.25 -8.18312e-05 -8.18312e-05 
14.26 -8.26818e-05 -8.26818e-05 
14.27 -8.35414e-05 -8.35414e-05 
14.28 -8.44099e-05 -8.44099e-05 
14.29 -8.52876e-05 -8.52876e-05 
14.3 -8.61745e-05 -8.61745e-05 
14.31 -8.70706e-05 -8.70706e-05 
14.32 -8.79762e-05 -8.79762e-05 
14.33 -8.88913e-05 -8.88913e-05 
14.34 -8.9816e-05 -8.9816e-05 
14.35 -9.07504e-05 -9.07504e-05 
14.36 -9.16947e-05 -9.16947e-05 
14.37 -9.26489e-05 -9.26489e-05 
14.38 -9.36131e-05 -9.36131e-05 
14.39 -9.45874e-05 -9.45874e-05 
14.4 -9.5572e-05 -9.5572e-05 
14.41 -9.6567e-05 -9.6567e-05 
14.42 -9.75724e-05 -9.75724e-05 
14.43 -9.85884e-05 -9.85884e-05 
14.44 -9.96151e-05 -9.96151e-05 
14.45 -0.000100653 -0.000100653 
14.46 -0.000101701 -0.000101701 
14.47 -0.000102761 -0.000102761 
14.48 -0.000103831 -0.000103831 
14.49 -0.000104913 -0.000104913 
14.5 -0.000106007 -0.000106007 
14.51 -0.000107112 -0.000107112 
14.52 -0.000108228 -0.000108228 
14.53 -0.000109356 -0.000109356 
14.54 -0.000110497 -0.000110497 
14.55 -0.000111649 -0.000111649 
14.56 -0.000112814 -0.000112814 
14.57 -0.00011399 -0.00011399 
14.58 -0.00011518 -0.00011518 
14.59 -0.000116382 -0.000116382 
14.6 -0.000117596 -0.000117596 
14.61 -0.000118824 -0.000118824 
14.62 -0.000120064 -0.000120064 
14.63 -0.000121318 -0.000121318 
14.64 -0.000122585 -0.000122585 
14.65 -0.000123865 -0.000123865 
14.66 -0.000125159 -0.000125159 
14.67 -0.000126467 -0.000126467 
14.68 -0.000127788 -0.000127788 
14.69 -0.000129124 -0.000129124 
14.7 -0.000130474 -0.000130474 
14.71 -0.000131838 -0.000131838 
14.72 -0.000133217 -0.000133217 
14.73 -0.00013461 -0.00013461 
14.74 -0.000136019 -0.000136019 
14.75 -0.000137442 -0.000137442 
14.76 -0.00013888 -0.00013888 
14.77 -0.000140334 -0.000140334 
14.78 -0.000141803 -0.000141803 
14.79 -0.000143288 -0.000143288 
14.8 -0.000144789 -0.000144789 
14.81 -0.000146306 -0.000146306 
14.82 -0.000147839 -0.000147839 
14.83 -0.000149389 -0.000149389 
14.84 -0.000150955 -0.000150955 
14.85 -0.000152538 -0.000152538 
14.86 -0.000154138 -0.000154138 
14.87 -0.000155755 -0.000155755 
14.88 -0.000157389 -0.000157389 
14.89 -0.000159041 -0.000159041 
14.9 -0.00016071 -0.00016071 
14.91 -0.000162398 -0.000162398 
14.92 -0.000164103 -0.000164103 
14.93 -0.000165827 -0.000165827 
14.94 -0.00016757 -0.00016757 
14.95 -0.000169331 -0.000169331 
14.96 -0.000171111 -0.000171111 
14.97 -0.00017291 -0.00017291 
14.98 -0.000174729 -0.000174729 
14.99 -0.000176568 -0.000176568 
15 -0.000178426 -0.000178426 
15.01 -0.000180304 -0.000180304 
15.02 -0.000182203 -0.000182203 
15.03 -0.000184122 -0.000184122 
15.04 -0.000186062 -0.000186062 
15.05 -0.000188022 -0.000188022 
15.06 -0.000190005 -0.000190005 
15.07 -0.000192008 -0.000192008 
15.08 -0.000194033 -0.000194033 
15.09 -0.000196081 -0.000196081 
15.1 -0.00019815 -0.00019815 
15.11 -0.000200242 -0.000200242 
15.12 -0.000202357 -0.000202357 
15.13 -0.000204495 -0.000204495 
15.14 -0.000206656 -0.000206656 
15.15 -0.00020884 -0.00020884 
15.16 -0.000211049 -0.000211049 
15.17 -0.000213281 -0.000213281 
15.18 -0.000215538 -0.000215538 
15.19 -0.00021782 -0.00021782 
15.2 -0.000220126 -0.000220126 
15.21 -0.000222458 -0.000222458 
15.22 -0.000224815 -0.000224815 
15.23 -0.000227198 -0.000227198 
15.24 -0.000229607 -0.000229607 
15.25 -0.000232043 -0.000232043 
15.26 -0.000234506 -0.000234506 
15.27 -0.000236995 -0.000236995 
15.28 -0.000239512 -0.000239512 
15.29 -0.000242057 -0.000242057 
15.3 -0.000244629 -0.000244629 
15.31 -0.000247231 -0.000247231 
15.32 -0.00024986 -0.00024986 
15.33 -0.000252519 -0.000252519 
15.34 -0.000255207 -0.000255207 
15.35 -0.000257926 -0.000257926 
15.36 -0.000260674 -0.000260674 
15.37 -0.000263452 -0.000263452 
15.38 -0.000266262 -0.000266262 
15.39 -0.000269102 -0.000269102 
15.4 -0.000271975 -0.000271975 
15.41 -0.000274879 -0.000274879 
15.42 -0.000277815 -0.000277815 
15.43 -0.000280785 -0.000280785 
15.44 -0.000283787 -0.000283787 
15.45 -0.000286823 -0.000286823 
15.46 -0.000289893 -0.000289893 
15.47 -0.000292997 -0.000292997 
15.48 -0.000296136 -0.000296136 
15.49 -0.000299311 -0.000299311 
15.5 -0.000302521 -0.000302521 
15.51 -0.000305766 -0.000305766 
15.52 -0.000309049 -0.000309049 
15.53 -0.000312368 -0.000312368 
15.54 -0.000315725 -0.000315725 
15.55 -0.00031912 -0.00031912 
15.56 -0.000322553 -0.000322553 
15.57 -0.000326024 -0.000326024 
15.58 -0.000329535 -0.000329535 
15.59 -0.000333086 -0.000333086 
15.6 -0.000336677 -0.000336677 
15.61 -0.000340309 -0.000340309 
15.62 -0.000343983 -0.000343983 
15.63 -0.000347697 -0.000347697 
15.64 -0.000351455 -0.000351455 
15.65 -0.000355255 -0.000355255 
15.66 -0.000359099 -0.000359099 
15.67 -0.000362986 -0.000362986 
15.68 -0.000366918 -0.000366918 
15.69 -0.000370895 -0.000370895 
15.7 -0.000374918 -0.000374918 
15.71 -0.000378987 -0.000378987 
15.72 -0.000383102 -0.000383102 
15.73 -0.000387265 -0.000387265 
15.74 -0.000391476 -0.000391476 
15.75 -0.000395736 -0.000395736 
15.76 -0.000400045 -0.000400045 
15.77 -0.000404403 -0.000404403 
15.78 -0.000408812 -0.000408812 
15.79 -0.000413273 -0.000413273 
15.8 -0.000417785 -0.000417785 
15.81 -0.000422349 -0.000422349 
15.82 -0.000426967 -0.000426967 
15.83 -0.000431639 -0.000431639 
15.84 -0.000436365 -0.000436365 
15.85 -0.000441146 -0.000441146 
15.86 -0.000445983 -0.000445983 
15.87 -0.000450877 -0.000450877 
15.88 -0.000455828 -0.000455828 
15.89 -0.000460838 -0.000460838 
15.9 -0.000465906 -0.000465906 
15.91 -0.000471035 -0.000471035 
15.92 -0.000476223 -0.000476223 
15.93 -0.000481473 -0.000481473 
15.94 -0.000486785 -0.000486785 
15.95 -0.000492161 -0.000492161 
15.96 -0.000497599 -0.000497599 
15.97 -0.000503103 -0.000503103 
15.98 -0.000508672 -0.000508672 
15.99 -0.000514307 -0.000514307 
16 -0.00052001 -0.00052001 
16.01 -0.00052578 -0.00052578 
16.02 -0.00053162 -0.00053162 
16.03 -0.00053753 -0.00053753 
16.04 -0.000543511 -0.000543511 
16.05 -0.000549563 -0.000549563 
16.06 -0.000555689 -0.000555689 
16.07 -0.000561888 -0.000561888 
16.08 -0.000568162 -0.000568162 
16.09 -0.000574513 -0.000574513 
16.1 -0.00058094 -0.00058094 
16.11 -0.000587445 -0.000587445 
16.12 -0.000594029 -0.000594029 
16.13 -0.000600693 -0.000600693 
16.14 -0.000607439 -0.000607439 
16.15 -0.000614267 -0.000614267 
16.16 -0.000621178 -0.000621178 
16.17 -0.000628174 -0.000628174 
16.18 -0.000635256 -0.000635256 
16.19 -0.000642425 -0.000642425 
16.2 -0.000649682 -0.000649682 
16.21 -0.000657029 -0.000657029 
16.22 -0.000664466 -0.000664466 
16.23 -0.000671995 -0.000671995 
16.24 -0.000679618 -0.000679618 
16.25 -0.000687335 -0.000687335 
16.26 -0.000695149 -0.000695149 
16.27 -0.000703059 -0.000703059 
16.28 -0.000711069 -0.000711069 
16.29 -0.000719178 -0.000719178 
16.3 -0.000727389 -0.000727389 
16.31 -0.000735703 -0.000735703 
16.32 -0.000744121 -0.000744121 
16.33 -0.000752645 -0.000752645 
16.34 -0.000761277 -0.000761277 
16.35 -0.000770017 -0.000770017 
16.36 -0.000778869 -0.000778869 
16.37 -0.000787832 -0.000787832 
16.38 -0.000796909 -0.000796909 
16.39 -0.000806102 -0.000806102 
16.4 -0.000815412 -0.000815412 
16.41 -0.00082484 -0.00082484 
16.42 -0.000834389 -0.000834389 
16.43 -0.000844061 -0.000844061 
16.44 -0.000853856 -0.000853856 
16.45 -0.000863778 -0.000863778 
16.46 -0.000873827 -0.000873827 
16.47 -0.000884006 -0.000884006 
16.48 -0.000894317 -0.000894317 
16.49 -0.000904761 -0.000904761 
16.5 -0.000915341 -0.000915341 
16.51 -0.000926058 -0.000926058 
16.52 -0.000936915 -0.000936915 
16.53 -0.000947914 -0.000947914 
16.54 -0.000959057 -0.000959057 
16.55 -0.000970345 -0.000970345 
16.56 -0.000981782 -0.000981782 
16.57 -0.00099337 -0.00099337 
16.58 -0.00100511 -0.00100511 
16.59 -0.001017 -0.001017 
16.6 -0.00102906 -0.00102906 
16.61 -0.00104127 -0.00104127 
16.62 -0.00105364 -0.00105364 
16.63 -0.00106618 -0.00106618 
16.64 -0.00107889 -0.00107889 
16.65 -0.00109176 -0.00109176 
16.66 -0.00110481 -0.00110481 
16.67 -0.00111804 -0.00111804 
16.68 -0.00113144 -0.00113144 
16.69 -0.00114502 -0.00114502 
16.7 -0.00115878 -0.00115878 
16.71 -0.00117274 -0.00117274 
16.72 -0.00118688 -0.00118688 
16.73 -0.00120121 -0.00120121 
16.74 -0.00121573 -0.00121573 
16.75 -0.00123046 -0.00123046 
16.76 -0.00124539 -0.00124539 
16.77 -0.00126052 -0.00126052 
16.78 -0.00127586 -0.00127586 
16.79 -0.0012914 -0.0012914 
16.8 -0.00130717 -0.00130717 
16.81 -0.00132315 -0.00132315 
16.82 -0.00133935 -0.00133935 
16.83 -0.00135578 -0.00135578 
16.84 -0.00137243 -0.00137243 
16.85 -0.00138932 -0.00138932 
16.86 -0.00140644 -0.00140644 
16.87 -0.0014238 -0.0014238 
16.88 -0.00144141 -0.00144141 
16.89 -0.00145926 -0.00145926 
16.9 -0.00147736 -0.00147736 
16.91 -0.00149572 -0.00149572 
16.92 -0.00151434 -0.00151434 
16.93 -0.00153322 -0.00153322 
16.94 -0.00155237 -0.00155237 
16.95 -0.00157179 -0.00157179 
16.96 -0.00159149 -0.00159149 
16.97 -0.00161147 -0.00161147 
16.98 -0.00163174 -0.00163174 
16.99 -0.0016523 -0.0016523 
17 -0.00167315 -0.00167315 
17.01 -0.0016943 -0.0016943 
17.02 -0.00171576 -0.00171576 
17.03 -0.00173753 -0.00173753 
17.04 -0.00175961 -0.00175961 
17.05 -0.00178202 -0.00178202 
17.06 -0.00180475 -0.00180475 
17.07 -0.00182781 -0.00182781 
17.08 -0.00185121 -0.00185121 
17.09 -0.00187496 -0.00187496 
17.1 -0.00189905 -0.00189905 
17.11 -0.0019235 -0.0019235 
17.12 -0.00194831 -0.00194831 
17.13 -0.00197348 -0.00197348 
17.14 -0.00199903 -0.00199903 
17.15 -0.00202496 -0.00202496 
17.16 -0.00205127 -0.00205127 
17.17 -0.00207798 -0.00207798 
17.18 -0.00210509 -0.00210509 
17.19 -0.0021326 -0.0021326 
17.2 -0.00216053 -0.00216053 
17.21 -0.00218888 -0.00218888 
17.22 -0.00221765 -0.00221765 
17.23 -0.00224686 -0.00224686 
17.24 -0.00227652 -0.00227652 
17.25 -0.00230662 -0.00230662 
17.26 -0.00233719 -0.00233719 
17.27 -0.00236822 -0.00236822 
17.28 -0.00239972 -0.00239972 
17.29 -0.00243171 -0.00243171 
17.3 -0.00246419 -0.00246419 
17.31 -0.00249717 -0.00249717 
17.32 -0.00253066 -0.00253066 
17.33 -0.00256466 -0.00256466 
17.34 -0.0025992 -0.0025992 
17.35 -0.00263427 -0.00263427 
17.36 -0.00266989 -0.00266989 
17.37 -0.00270607 -0.00270607 
17.38 -0.00274281 -0.00274281 
17.39 -0.00278013 -0.00278013 
17.4 -0.00281803 -0.00281803 
17.41 -0.00285653 -0.00285653 
17.42 -0.00289564 -0.00289564 
17.43 -0.00293537 -0.00293537 
17.44 -0.00297573 -0.00297573 
17.45 -0.00301674 -0.00301674 
17.46 -0.00305839 -0.00305839 
17.47 -0.00310072 -0.00310072 
17.48 -0.00314372 -0.00314372 
17.49 -0.00318741 -0.00318741 
17.5 -0.0032318 -0.0032318 
17.51 -0.00327691 -0.00327691 
17.52 -0.00332275 -0.00332275 
17.53 -0.00336934 -0.00336934 
17.54 -0.00341668 -0.00341668 
17.55 -0.00346479 -0.00346479 
17.56 -0.00351369 -0.00351369 
17.57 -0.00356338 -0.00356338 
17.58 -0.0036139 -0.0036139 
17.59 -0.00366524 -0.00366524 
17.6 -0.00371743 -0.00371743 
17.61 -0.00377048 -0.00377048 
17.62 -0.00382441 -0.00382441 
17.63 -0.00387923 -0.00387923 
17.64 -0.00393497 -0.00393497 
17.65 -0.00399163 -0.00399163 
17.66 -0.00404924 -0.00404924 
17.67 -0.00410782 -0.00410782 
17.68 -0.00416739 -0.00416739 
17.69 -0.00422795 -0.00422795 
17.7 -0.00428954 -0.00428954 
17.71 -0.00435217 -0.00435217 
17.72 -0.00441586 -0.00441586 
17.73 -0.00448063 -0.00448063 
17.74 -0.00454651 -0.00454651 
17.75 -0.00461351 -0.00461351 
17.76 -0.00468167 -0.00468167 
17.77 -0.00475099 -0.00475099 
17.78 -0.0048215 -0.0048215 
17.79 -0.00489323 -0.00489323 
17.8 -0.0049662 -0.0049662 
17.81 -0.00504044 -0.00504044 
17.82 -0.00511596 -0.00511596 
17.83 -0.0051928 -0.0051928 
17.84 -0.00527099 -0.00527099 
17.85 -0.00535054 -0.00535054 
17.86 -0.00543149 -0.00543149 
17.87 -0.00551386 -0.00551386 
17.88 -0.00559768 -0.00559768 
17.89 -0.00568299 -0.00568299 
17.9 -0.00576981 -0.00576981 
17.91 -0.00585817 -0.00585817 
17.92 -0.00594811 -0.00594811 
17.93 -0.00603966 -0.00603966 
17.94 -0.00613284 -0.00613284 
17.95 -0.0062277 -0.0062277 
17.96 -0.00632426 -0.00632426 
17.97 -0.00642257 -0.00642257 
17.98 -0.00652265 -0.00652265 
17.99 -0.00662455 -0.00662455 
18 -0.0067283 -0.0067283 
18.01 -0.00683395 -0.00683395 
18.02 -0.00694152 -0.00694152 
18.03 -0.00705107 -0.00705107 
18.04 -0.00716263 -0.00716263 
18.05 -0.00727624 -0.00727624 
18.06 -0.00739195 -0.00739195 
18.07 -0.00750981 -0.00750981 
18.08 -0.00762985 -0.00762985 
18.09 -0.00775213 -0.00775213 
18.1 -0.00787669 -0.00787669 
18.11 -0.00800359 -0.00800359 
18.12 -0.00813286 -0.00813286 
18.13 -0.00826456 -0.00826456 
18.14 -0.00839875 -0.00839875 
18.15 -0.00853548 -0.00853548 
18.16 -0.0086748 -0.0086748 
18.17 -0.00881677 -0.00881677 
18.18 -0.00896145 -0.00896145 
18.19 -0.0091089 -0.0091089 
18.2 -0.00925917 -0.00925917 
18.21 -0.00941233 -0.00941233 
18.22 -0.00956844 -0.00956844 
18.23 -0.00972757 -0.00972757 
18.24 -0.00988979 -0.00988979 
18.25 -0.0100552 -0.0100552 
18.26 -0.0102238 -0.0102238 
18.27 -0.0103956 -0.0103956 
18.28 -0.0105709 -0.0105709 
18.29 -0.0107496 -0.0107496 
18.3 -0.0109318 -0.0109318 
18.31 -0.0111177 -0.0111177 
18.32 -0.0113072 -0.0113072 
18.33 -0.0115004 -0.0115004 
18.34 -0.0116976 -0.0116976 
18.35 -0.0118987 -0.0118987 
18.36 -0.0121038 -0.0121038 
18.37 -0.012313 -0.012313 
18.38 -0.0125264 -0.0125264 
18.39 -0.0127442 -0.0127442 
18.4 -0.0129664 -0.0129664 
18.41 -0.0131931 -0.0131931 
18.42 -0.0134244 -0.0134244 
18.43 -0.0136605 -0.0136605 
18.44 -0.0139014 -0.0139014 
18.45 -0.0141473 -0.0141473 
18.46 -0.0143982 -0.0143982 
18.47 -0.0146544 -0.0146544 
18.48 -0.0149159 -0.0149159 
18.49 -0.0151828 -0.0151828 
18.5 -0.0154553 -0.0154553 
18.51 -0.0157335 -0.0157335 
18.52 -0.0160175 -0.0160175 
18.53 -0.0163076 -0.0163076 
18.54 -0.0166037 -0.0166037 
18.55 -0.0169062 -0.0169062 
18.56 -0.0172151 -0.0172151 
18.57 -0.0175306 -0.0175306 
18.58 -0.0178528 -0.0178528 
18.59 -0.018182 -0.018182 
18.6 -0.0185183 -0.0185183 
18.61 -0.0188618 -0.0188618 
18.62 -0.0192128 -0.0192128 
18.63 -0.0195714 -0.0195714 
18.64 -0.0199378 -0.0199378 
18.65 -0.0203123 -0.0203123 
18.66 -0.0206949 -0.0206949 
18.67 -0.021086 -0.021086 
18.68 -0.0214858 -0.0214858 
18.69 -0.0218944 -0.0218944 
18.7 -0.0223121 -0.0223121 
18.71 -0.0227391 -0.0227391 
18.72 -0.0231756 -0.0231756 
18.73 -0.023622 -0.023622 
18.74 -0.0240784 -0.0240784 
18.75 -0.0245451 -0.0245451 
18.76 -0.0250225 -0.0250225 
18.77 -0.0255106 -0.0255106 
18.78 -0.0260099 -0.0260099 
18.79 -0.0265207 -0.0265207 
18.8 -0.0270431 -0.0270431 
18.81 -0.0275776 -0.0275776 
18.82 -0.0281245 -0.0281245 
18.83 -0.028684 -0.028684 
18.84 -0.0292566 -0.0292566 
18.85 -0.0298425 -0.0298425 
18.86 -0.0304422 -0.0304422 
18.87 -0.031056 -0.031056 
18.88 -0.0316842 -0.0316842 
18.89 -0.0323273 -0.0323273 
18.9 -0.0329857 -0.0329857 
18.91 -0.0336597 -0.0336597 
18.92 -0.0343498 -0.0343498 
18.93 -0.0350565 -0.0350565 
18.94 -0.0357802 -0.0357802 
18.95 -0.0365214 -0.0365214 
18.96 -0.0372805 -0.0372805 
18.97 -0.0380581 -0.0380581 
18.98 -0.0388546 -0.0388546 
18.99 -0.0396707 -0.0396707 
19 -0.0405067 -0.0405067 
19.01 -0.0413634 -0.0413634 
19.02 -0.0422412 -0.0422412 
19.03 -0.0431408 -0.0431408 
19.04 -0.0440627 -0.0440627 
19.05 -0.0450077 -0.0450077 
19.06 -0.0459764 -0.0459764 
19.07 -0.0469694 -0.0469694 
19.08 -0.0479874 -0.0479874 
19.09 -0.0490312 -0.0490312 
19.1 -0.0501015 -0.0501015 
19.11 -0.0511991 -0.0511991 
19.12 -0.0523247 -0.0523247 
19.13 -0.0534793 -0.0534793 
19.14 -0.0546635 -0.0546635 
19.15 -0.0558783 -0.0558783 
19.16 -0.0571246 -0.0571246 
19.17 -0.0584033 -0.0584033 
19.18 -0.0597153 -0.0597153 
19.19 -0.0610617 -0.0610617 
19.2 -0.0624434 -0.0624434 
19.21 -0.0638616 -0.0638616 
19.22 -0.0653172 -0.0653172 
19.23 -0.0668115 -0.0668115 
19.24 -0.0683455 -0.0683455 
19.25 -0.0699205 -0.0699205 
19.26 -0.0715378 -0.0715378 
19.27 -0.0731985 -0.0731985 
19.28 -0.0749039 -0.0749039 
19.29 -0.0766556 -0.0766556 
19.3 -0.0784548 -0.0784548 
19.31 -0.0803031 -0.0803031 
19.32 -0.0822019 -0.0822019 
19.33 -0.0841527 -0.0841527 
19.34 -0.0861573 -0.0861573 
19.35 -0.0882172 -0.0882172 
19.36 -0.0903341 -0.0903341 
19.37 -0.0925099 -0.0925099 
19.38 -0.0947464 -0.0947464 
19.39 -0.0970454 -0.0970454 
19.4 -0.099409 -0.099409 
19.41 -0.101839 -0.101839 
19.42 -0.104338 -0.104338 
19.43 -0.106907 -0.106907 
19.44 -0.10955 -0.10955 
19.45 -0.112268 -0.112268 
19.46 -0.115064 -0.115064 
19.47 -0.11794 -0.11794 
19.48 -0.120899 -0.120899 
19.49 -0.123944 -0.123944 
19.5 -0.127076 -0.127076 
19.51 -0.1303 -0.1303 
19.52 -0.133618 -0.133618 
19.53 -0.137033 -0.137033 
19.54 -0.140549 -0.140549 
19.55 -0.144168 -0.144168 
19.56 -0.147894 -0.147894 
19.57 -0.15173 -0.15173 
19.58 -0.15568 -0.15568 
19.59 -0.159748 -0.159748 
19.6 -0.163938 -0.163938 
19.61 -0.168254 -0.168254 
19.62 -0.1727 -0.1727 
19.63 -0.17728 -0.17728 
19.64 -0.181999 -0.181999 
19.65 -0.186861 -0.186861 
19.66 -0.191871 -0.191871 
19.67 -0.197035 -0.197035 
19.68 -0.202357 -0.202357 
19.69 -0.207843 -0.207843 
19.7 -0.213498 -0.213498 
19.71 -0.219329 -0.219329 
19.72 -0.22534 -0.22534 
19.73 -0.231539 -0.231539 
19.74 -0.237931 -0.237931 
19.75 -0.244523 -0.244523 
19.76 -0.251323 -0.251323 
19.77 -0.258338 -0.258338 
19.78 -0.265574 -0.265574 
19.79 -0.273039 -0.273039 
19.8 -0.280742 -0.280742 
19.81 -0.288691 -0.288691 
19.82 -0.296894 -0.296894 
19.83 -0.305361 -0.305361 
19.84 -0.3141 -0.3141 
19.85 -0.323122 -0.323122 
19.86 -0.332435 -0.332435 
19.87 -0.342051 -0.342051 
19.88 -0.35198 -0.35198 
19.89 -0.362234 -0.362234 
19.9 -0.372823 -0.372823 
19.91 -0.383761 -0.383761 
19.92 -0.395059 -0.395059 
19.93 -0.40673 -0.40673 
19.94 -0.418788 -0.418788 
19.95 -0.431246 -0.431246 
19.96 -0.444119 -0.444119 
19.97 -0.457422 -0.457422 
19.98 -0.47117 -0.47117 
19.99 -0.485373 -0.485373 
20 -0.500045 -0.500045 
